0.0
0.4396906
0.8013004
1.31488
1.665249
1.898215
2.131148
2.599102
2.808722
3.058502
3.538956
3.895647
4.372827
4.512376
5.09439
5.718651
6.134417
6.603075
6.996089
7.551468
7.772041
8.041312
8.937423
9.65906
10.08602
10.99957
11.29911
12.24182
13.14209
13.64892
14.67619
15.75252
16.28235
16.89511
17.54381
18.28652
18.79536
19.71979
20.98294
21.61929
22.30597
22.51731
23.44404
24.0014
25.36299
25.97916
26.94797
28.24875
28.78563
29.67234
30.15619
31.39674
31.77421
32.60585
33.61872
34.10385
34.95226
35.51804
36.5177
37.10061
37.60829
38.35127
38.94795
39.28647
40.26261
41.09711
41.42414
42.30045
42.65002
43.4862
43.8426
44.52127
45.29961
45.76241
46.29728
46.61262
47.07231
47.75919
48.10393
48.61981
49.15676
49.39258
50.01156
50.55787
51.05552
51.8711
52.40468
52.96079
53.19865
53.79092
54.23933
54.8026
55.10183
55.74353
56.0119
56.48206
56.96331
57.37168
57.78549
58.30633
58.68555
58.89152
59.31044
59.45728
59.60913
59.6516
59.69758
59.88167
60.22157
60.4114
60.773
61.16046
61.35152
61.72096
62.08677
62.29869
62.72849
63.19342
63.64071
64.01926
64.27341
64.62804
65.01894
65.38976
65.74257
66.14399
66.60219
66.79042
67.14836
67.53527
67.91016
68.27498
68.64044
68.80317
69.20321
69.55585
69.84154
70.13524
70.53161
70.69563
71.03869
71.41036
71.59512
71.89164
72.26296
72.36449
72.72905
73.02422
73.31395
73.47883
73.79915
73.94419
74.30305
74.4748
74.78979
75.09395
75.37177
75.52131
75.82286
75.9703
76.23742
76.47145
76.62203
76.87413
77.10079
77.24421
77.46738
77.68813
77.91008
78.15405
78.35234
78.4988
78.71666
78.97473
79.09495
79.30999
79.51502
79.70391
79.90568
80.12638
80.30934
80.40652
80.58018
80.69894
80.89174
81.09312
81.18672
81.39409
81.51902
81.70377
81.80023
81.94694
82.03027
82.18539
82.33377
82.41097
82.54311
82.59952
82.7397
82.8553
82.93893
83.10883
83.2712
83.35223
83.5265
83.61094
83.78519
83.85859
84.01531
84.17917
84.2512
84.40263
84.55515
84.64589
84.78912
84.87421
85.02854
85.10233
85.25775
85.33371
85.46496
85.53118
85.66467
85.74962
85.87118
85.93906
86.07023
86.19863
86.2581
86.38334
86.44378
86.56939
86.63968
86.77501
86.84935
86.96031
87.0697
87.13831
87.24797
87.37027
87.42315
87.56046
87.61227
87.72343
87.82211
87.93719
88.00361
88.11092
88.16737
88.28788
88.33276
